\datatype=fitshdr
| cntr|  ctype1|  ctype2|naxis1|naxis2|    crval1|    crval2|    crpix1|    crpix2|     cdelt1|     cdelt2|  crota2|equinox|                             file|
|  int|    char|    char|   int|   int|    double|    double|    double|    double|     double|     double|  double|    int|                             char|
     1 RA---TAN DEC--TAN   2559   2559  56.700000  24.000000    1279.02    1279.02 -0.00027778  0.00027778  0.00000    2000 pposs2ukstu_blue_001_001.fits
     2 RA---TAN DEC--TAN   2559   2559  56.700000  24.000000    1279.02    1279.02 -0.00027778  0.00027778  0.00000    2000 pposs2ukstu_blue_001_002.fits
     3 RA---TAN DEC--TAN   2559   2559  56.700000  24.000000    1279.02    1279.02 -0.00027778  0.00027778  0.00000    2000 pposs2ukstu_blue_001_003.fits
     4 RA---TAN DEC--TAN   2559   2559  56.700000  24.000000    1279.02    1279.02 -0.00027778  0.00027778  0.00000    2000 pposs2ukstu_blue_001_004.fits
     5 RA---TAN DEC--TAN   2559   2559  56.700000  24.000000    1279.02    1279.02 -0.00027778  0.00027778  0.00000    2000 pposs2ukstu_blue_001_005.fits
     6 RA---TAN DEC--TAN   2559   2559  56.700000  24.000000    1279.02    1279.02 -0.00027778  0.00027778  0.00000    2000 pposs2ukstu_blue_002_001.fits
     7 RA---TAN DEC--TAN   2559   2559  56.700000  24.000000    1279.02    1279.02 -0.00027778  0.00027778  0.00000    2000 pposs2ukstu_blue_002_002.fits
     8 RA---TAN DEC--TAN   2559   2559  56.700000  24.000000    1279.02    1279.02 -0.00027778  0.00027778  0.00000    2000 pposs2ukstu_blue_002_003.fits
     9 RA---TAN DEC--TAN   2559   2559  56.700000  24.000000    1279.02    1279.02 -0.00027778  0.00027778  0.00000    2000 pposs2ukstu_blue_002_004.fits
    10 RA---TAN DEC--TAN   2559   2559  56.700000  24.000000    1279.02    1279.02 -0.00027778  0.00027778  0.00000    2000 pposs2ukstu_blue_002_005.fits
    11 RA---TAN DEC--TAN   2559   2559  56.700000  24.000000    1279.02    1279.02 -0.00027778  0.00027778  0.00000    2000 pposs2ukstu_blue_003_001.fits
    12 RA---TAN DEC--TAN   2559   2559  56.700000  24.000000    1279.02    1279.02 -0.00027778  0.00027778  0.00000    2000 pposs2ukstu_blue_003_002.fits
    13 RA---TAN DEC--TAN   2559   2559  56.700000  24.000000    1279.02    1279.02 -0.00027778  0.00027778  0.00000    2000 pposs2ukstu_blue_003_003.fits
    14 RA---TAN DEC--TAN   2559   2559  56.700000  24.000000    1279.02    1279.02 -0.00027778  0.00027778  0.00000    2000 pposs2ukstu_blue_003_004.fits
    15 RA---TAN DEC--TAN   2559   2559  56.700000  24.000000    1279.02    1279.02 -0.00027778  0.00027778  0.00000    2000 pposs2ukstu_blue_003_005.fits
    16 RA---TAN DEC--TAN   2559   2559  56.700000  24.000000    1279.02    1279.02 -0.00027778  0.00027778  0.00000    2000 pposs2ukstu_blue_004_001.fits
    17 RA---TAN DEC--TAN   2559   2559  56.700000  24.000000    1279.02    1279.02 -0.00027778  0.00027778  0.00000    2000 pposs2ukstu_blue_004_002.fits
    18 RA---TAN DEC--TAN   2559   2559  56.700000  24.000000    1279.02    1279.02 -0.00027778  0.00027778  0.00000    2000 pposs2ukstu_blue_004_003.fits
    19 RA---TAN DEC--TAN   2559   2559  56.700000  24.000000    1279.02    1279.02 -0.00027778  0.00027778  0.00000    2000 pposs2ukstu_blue_004_004.fits
    20 RA---TAN DEC--TAN   2559   2559  56.700000  24.000000    1279.02    1279.02 -0.00027778  0.00027778  0.00000    2000 pposs2ukstu_blue_004_005.fits
    21 RA---TAN DEC--TAN   2559   2559  56.700000  24.000000    1279.02    1279.02 -0.00027778  0.00027778  0.00000    2000 pposs2ukstu_blue_005_001.fits
    22 RA---TAN DEC--TAN   2559   2559  56.700000  24.000000    1279.02    1279.02 -0.00027778  0.00027778  0.00000    2000 pposs2ukstu_blue_005_002.fits
    23 RA---TAN DEC--TAN   2559   2559  56.700000  24.000000    1279.02    1279.02 -0.00027778  0.00027778  0.00000    2000 pposs2ukstu_blue_005_003.fits
    24 RA---TAN DEC--TAN   2559   2559  56.700000  24.000000    1279.02    1279.02 -0.00027778  0.00027778  0.00000    2000 pposs2ukstu_blue_005_004.fits
    25 RA---TAN DEC--TAN   2559   2559  56.700000  24.000000    1279.02    1279.02 -0.00027778  0.00027778  0.00000    2000 pposs2ukstu_blue_005_005.fits
